scrub: 16 files
`torch_dtype` is deprecated! Use `dtype` instead!
REQ {"name": "sg_jKqNBVf_0_t2", "prompt_tok": 1059, "new_tok": 32, "ttft_s": 37.44422173500061, "tpot_ms": 491.12207658829226, "request_s": 52.66968560218811, "read_gib": 57.62109375, "out_ids": [151667, 198, 32313, 11, 1077, 594, 1896, 264, 1401, 518, 279, 2038, 279, 1196, 3897, 13, 2379, 9733, 429, 1052, 525, 4714, 448, 432, 13, 5512, 11, 358, 1184, 311, 728, 1526]}
REQ {"name": "sg_jKqNBVf_0_t3", "prompt_tok": 1237, "new_tok": 32, "ttft_s": 35.12455439567566, "tpot_ms": 569.4784733556933, "request_s": 52.77950859069824, "read_gib": 51.890625, "out_ids": [576, 2038, 498, 3897, 702, 264, 2421, 19482, 5975, 13, 5692, 525, 279, 4714, 1447, 16, 13, 576, 1565, 810, 7738, 63, 9704, 374, 537, 10277, 7877, 13, 576, 2038, 1283, 279]}
REQ {"name": "sg_cSz8Ik6_0_t2", "prompt_tok": 67, "new_tok": 32, "ttft_s": 17.937560319900513, "tpot_ms": 210.21481483213364, "request_s": 24.454827070236206, "read_gib": 21.4716796875, "out_ids": [35439, 11, 279, 1196, 374, 10161, 911, 9437, 24231, 323, 1181, 12650, 13, 6771, 752, 1191, 553, 26312, 1128, 9437, 24231, 374, 13, 358, 1265, 6286, 279, 6770, 7286, 11, 1075, 23988]}
REQ {"name": "sg_cSz8Ik6_0_t3", "prompt_tok": 391, "new_tok": 32, "ttft_s": 16.274892568588257, "tpot_ms": 445.22040121016965, "request_s": 30.077540159225464, "read_gib": 25.7255859375, "out_ids": [4695, 11, 1077, 594, 13186, 279, 24154, 315, 9437, 5440, 369, 13402, 323, 835, 3847, 382, 72, 13, 14390, 10709, 369, 46617, 1447, 16, 13, 3070, 39419, 323, 66292, 95518, 14817, 24231]}
REQ {"name": "sg_zcq8Evp_0_t2", "prompt_tok": 164, "new_tok": 32, "ttft_s": 23.012853145599365, "tpot_ms": 211.2321161454724, "request_s": 29.561661958694458, "read_gib": 27.158203125, "out_ids": [151667, 198, 32313, 11, 279, 1196, 6801, 752, 311, 12793, 264, 58059, 15048, 1380, 264, 1697, 84669, 264, 19212, 1007, 264, 1965, 13, 2379, 9733, 807, 3278, 2548, 264, 4013, 315, 4755]}
REQ {"name": "sg_zcq8Evp_0_t3", "prompt_tok": 223, "new_tok": 32, "ttft_s": 18.814356565475464, "tpot_ms": 289.74873788895144, "request_s": 27.79718255996704, "read_gib": 25.083984375, "out_ids": [35439, 11, 279, 1196, 4588, 911, 279, 1894, 315, 279, 15478, 279, 1697, 572, 12233, 979, 807, 31985, 279, 19212, 1007, 279, 1965, 13, 6771, 752, 1744, 382, 5338, 11, 304, 279]}
REQ {"name": "sg_5cVpTKS_0_t2", "prompt_tok": 246, "new_tok": 32, "ttft_s": 28.90422487258911, "tpot_ms": 461.7910154404179, "request_s": 43.22035360336304, "read_gib": 42.328125, "out_ids": [151667, 198, 32313, 11, 279, 1196, 4588, 752, 311, 35967, 389, 3501, 220, 20, 11, 220, 16, 18, 11, 323, 220, 16, 24, 504, 279, 1140, 315, 20601, 48809, 429, 1373, 82140]}
REQ {"name": "sg_V4wpuJu_0_t2", "prompt_tok": 614, "new_tok": 32, "ttft_s": 36.30100989341736, "tpot_ms": 563.6942771173292, "request_s": 53.77624773979187, "read_gib": 53.666015625, "out_ids": [151667, 198, 32313, 11, 279, 1196, 374, 10161, 421, 1052, 594, 41822, 304, 13027, 13, 6771, 752, 1744, 13, 358, 6099, 429, 13027, 11554, 1633, 35085, 15473, 11, 773, 41822, 1265, 387]}
REQ {"name": "sg_V4wpuJu_0_t3", "prompt_tok": 1240, "new_tok": 32, "ttft_s": 36.110193490982056, "tpot_ms": 635.5365783937516, "request_s": 55.812461614608765, "read_gib": 56.0302734375, "out_ids": [151667, 198, 32313, 11, 279, 1196, 374, 10161, 369, 264, 13027, 3110, 315, 1246, 311, 990, 13059, 3077, 451, 23236, 13, 6771, 752, 19091, 1128, 13059, 3077, 451, 23236, 374, 13, 1084]}
REQ {"name": "sg_k7ymHcr_21_t2", "prompt_tok": 1012, "new_tok": 32, "ttft_s": 34.655311584472656, "tpot_ms": 639.1250318096529, "request_s": 54.46891164779663, "read_gib": 52.8134765625, "out_ids": [151667, 198, 32313, 11, 279, 1196, 374, 10161, 369, 27730, 990, 5048, 448, 2038, 10295, 369, 279, 1565, 1742, 63, 323, 1565, 5987, 63, 5413, 11, 11689, 44291, 1565, 75661, 28587, 6771]}
REQ {"name": "sg_k7ymHcr_21_t3", "prompt_tok": 1797, "new_tok": 32, "ttft_s": 34.16579580307007, "tpot_ms": 647.0284615793536, "request_s": 54.22434139251709, "read_gib": 53.3408203125, "out_ids": [151667, 198, 32313, 11, 279, 1196, 374, 10161, 369, 803, 16965, 990, 5048, 315, 279, 1565, 1742, 63, 323, 1565, 5987, 63, 5413, 13, 6771, 752, 1744, 911, 1128, 807, 2578, 1184]}
REQ {"name": "sg_MuZDUct_0_t2", "prompt_tok": 109, "new_tok": 32, "ttft_s": 20.214720487594604, "tpot_ms": 195.34629391085718, "request_s": 26.27131938934326, "read_gib": 23.537109375, "out_ids": [35439, 11, 279, 1196, 30778, 15355, 5061, 14216, 323, 6801, 2664, 20249, 6708, 13, 6771, 752, 1191, 553, 88646, 1128, 15355, 5061, 14216, 374, 13, 1084, 594, 279, 1947, 315, 76118, 71391]}
REQ {"name": "sg_MuZDUct_0_t3", "prompt_tok": 377, "new_tok": 32, "ttft_s": 21.71402931213379, "tpot_ms": 319.2676267316265, "request_s": 31.61200499534607, "read_gib": 29.056640625, "out_ids": [576, 1196, 374, 1431, 10161, 369, 6708, 311, 11926, 862, 39445, 43086, 7640, 2562, 13, 2379, 8597, 4588, 911, 22136, 458, 15355, 300, 5330, 2562, 11, 323, 358, 3897, 1045, 4586, 8493]}
REQ {"name": "sg_CcQ9JCK_25_t2", "prompt_tok": 823, "new_tok": 32, "ttft_s": 30.365171909332275, "tpot_ms": 370.53371244861233, "request_s": 41.85229468345642, "read_gib": 40.4912109375, "out_ids": [576, 7149, 323, 4682, 315, 20971, 553, 8284, 2337, 279, 220, 16, 18, 339, 9294, 304, 4505, 11, 7945, 304, 279, 2266, 315, 20971, 504, 9448, 311, 9625, 11, 1035, 614, 1012]}
REQ {"name": "sg_9EM9xb8_25_t2", "prompt_tok": 379, "new_tok": 32, "ttft_s": 30.152652263641357, "tpot_ms": 379.2306838497039, "request_s": 41.909427881240845, "read_gib": 40.32421875, "out_ids": [35439, 11, 279, 1196, 6801, 752, 311, 2924, 264, 9814, 12126, 315, 1128, 358, 9498, 911, 22467, 438, 264, 6916, 323, 59113, 2562, 30660, 13, 6771, 752, 1191, 553, 88646, 279, 3681]}
REQ {"name": "sg_9EM9xb8_25_t3", "prompt_tok": 1853, "new_tok": 32, "ttft_s": 35.13831830024719, "tpot_ms": 441.2315660907376, "request_s": 48.81713056564331, "read_gib": 47.2412109375, "out_ids": [715, 32313, 11, 279, 1196, 3897, 264, 2696, 315, 1995, 911, 22467, 30914, 323, 806, 2274, 47, 16148, 13, 2379, 1366, 752, 311, 2924, 264, 9814, 12126, 315, 1128, 358, 9498, 911]}
REQ {"name": "sg_f9XBWSi_15_t2", "prompt_tok": 442, "new_tok": 32, "ttft_s": 29.947235822677612, "tpot_ms": 485.7819926354193, "request_s": 45.00725746154785, "read_gib": 43.6376953125, "out_ids": [715, 151667, 198, 32313, 11, 279, 1196, 702, 10007, 279, 1887, 6813, 315, 862, 1849, 3118, 389, 279, 3681, 10219, 13, 2379, 9733, 821, 88272, 11, 8692, 11, 28464, 6358, 11, 5662]}
REQ {"name": "sg_f9XBWSi_15_t3", "prompt_tok": 759, "new_tok": 32, "ttft_s": 30.69261384010315, "tpot_ms": 456.52942503652264, "request_s": 44.84576106071472, "read_gib": 43.4091796875, "out_ids": [151667, 198, 32313, 11, 279, 1196, 374, 7218, 4637, 448, 279, 1849, 6813, 323, 702, 2669, 10007, 279, 1887, 6174, 13, 2379, 9733, 807, 1513, 944, 1184, 264, 8651, 821, 5819, 1849]}
REQ {"name": "sg_3O3k7Ni_0_t2", "prompt_tok": 260, "new_tok": 32, "ttft_s": 25.719502925872803, "tpot_ms": 511.68063379103137, "request_s": 41.58222246170044, "read_gib": 37.458984375, "out_ids": [366, 91, 3479, 315, 10807, 2213, 91, 397, 32313, 11, 279, 1196, 6801, 264, 27124, 389, 19819, 4399, 26030, 369, 1550, 2906, 37249, 448, 458, 4226, 1376, 13, 6771, 752, 1191, 553]}
REQ {"name": "sg_3O3k7Ni_0_t3", "prompt_tok": 798, "new_tok": 32, "ttft_s": 33.2058789730072, "tpot_ms": 527.5370767039637, "request_s": 49.56037354469299, "read_gib": 46.65234375, "out_ids": [2503, 320, 1782, 17847, 594, 2033, 374, 3931, 1007, 692, 32313, 11, 279, 1196, 6801, 264, 2464, 1874, 5702, 369, 458, 12102, 79501, 536, 21080, 389, 279, 9481, 315, 279, 12344, 1714]}
REQ {"name": "sg_zZRzzTy_16_t2", "prompt_tok": 199, "new_tok": 32, "ttft_s": 21.725179433822632, "tpot_ms": 202.22296253327403, "request_s": 27.994823217391968, "read_gib": 24.626953125, "out_ids": [576, 12641, 330, 3036, 9881, 650, 74610, 1262, 8604, 1435, 60356, 830, 1, 504, 41492, 10214, 350, 17835, 930, 594, 330, 785, 20621, 315, 1417, 278, 1716, 1, 374, 458, 3110, 315]}
REQ {"name": "sg_zZRzzTy_16_t3", "prompt_tok": 393, "new_tok": 32, "ttft_s": 12.142224550247192, "tpot_ms": 393.59406502016134, "request_s": 24.344454288482666, "read_gib": 19.353515625, "out_ids": [576, 6164, 16914, 30435, 374, 279, 60029, 12344, 16148, 369, 279, 6238, 323, 15379, 315, 279, 15494, 13, 10548, 311, 419, 10126, 11, 279, 15494, 6009, 438, 458, 9016, 4017, 323, 27950]}
REQ {"name": "sg_RtCgJK2_47_t2", "prompt_tok": 415, "new_tok": 32, "ttft_s": 29.10774040222168, "tpot_ms": 341.10185407823127, "request_s": 39.68290328979492, "read_gib": 37.177734375, "out_ids": [65702, 25, 3555, 525, 1045, 6929, 19721, 429, 2138, 498, 311, 4038, 389, 11358, 82, 1939, 32313, 11, 279, 1196, 374, 10161, 911, 6929, 19721, 429, 1077, 1105, 4038, 389, 11358, 82]}
REQ {"name": "sg_RtCgJK2_47_t3", "prompt_tok": 684, "new_tok": 32, "ttft_s": 33.56997108459473, "tpot_ms": 498.7888874546174, "request_s": 49.033297538757324, "read_gib": 45.017578125, "out_ids": [320, 19702, 10435, 3840, 340, 32313, 11, 279, 1196, 702, 21411, 705, 862, 50441, 35642, 34584, 1667, 279, 50441, 35642, 21120, 8894, 389, 862, 4540, 323, 1431, 6801, 311, 6815, 279, 12542]}
RESULT policy=apex budget=32.79 requests=24 ttft_s=28.0183 tpot_ms=428.627 request_s=41.3065 footprint_gib=40.96 peak_gib=42.65 compute=measured
cgroup_io_read_gib=1077.284
cgroup_cpu_s=864.5 cgroup_user_s=397.2 cgroup_sys_s=467.3
cgroup_peak_gib=3.01
