scrub: 16 files
`torch_dtype` is deprecated! Use `dtype` instead!
REQ {"name": "sg_jKqNBVf_0_t2", "prompt_tok": 1059, "new_tok": 32, "ttft_s": 34.65491461753845, "tpot_ms": 900.613123370755, "request_s": 62.57486653327942, "read_gib": 76.4384765625, "out_ids": [151667, 198, 32313, 11, 1077, 594, 1896, 264, 1401, 518, 279, 2038, 279, 1196, 3897, 13, 2379, 9733, 429, 1052, 525, 4714, 448, 432, 13, 5512, 11, 358, 1184, 311, 728, 1526]}
REQ {"name": "sg_jKqNBVf_0_t3", "prompt_tok": 1237, "new_tok": 32, "ttft_s": 33.064122915267944, "tpot_ms": 993.9428683250181, "request_s": 63.87711715698242, "read_gib": 79.734375, "out_ids": [576, 2038, 498, 3897, 702, 264, 2421, 19482, 5975, 13, 5692, 525, 279, 4714, 1447, 16, 13, 576, 1565, 810, 7738, 63, 9704, 374, 537, 10277, 7877, 13, 576, 2038, 1283, 279]}
REQ {"name": "sg_cSz8Ik6_0_t2", "prompt_tok": 67, "new_tok": 32, "ttft_s": 21.257803201675415, "tpot_ms": 934.6963051826723, "request_s": 50.23439383506775, "read_gib": 58.81640625, "out_ids": [35439, 11, 279, 1196, 374, 10161, 911, 9437, 24231, 323, 1181, 12650, 13, 6771, 752, 1191, 553, 26312, 1128, 9437, 24231, 374, 13, 358, 1265, 6286, 279, 6770, 7286, 11, 1075, 23988]}
REQ {"name": "sg_cSz8Ik6_0_t3", "prompt_tok": 391, "new_tok": 32, "ttft_s": 27.686429977416992, "tpot_ms": 1008.9441730130104, "request_s": 58.964701652526855, "read_gib": 72.6591796875, "out_ids": [4695, 11, 1077, 594, 13186, 279, 24154, 315, 9437, 5440, 369, 13402, 323, 835, 3847, 382, 72, 13, 14390, 10709, 369, 46617, 1447, 16, 13, 3070, 39419, 323, 66292, 95518, 14817, 24231]}
REQ {"name": "sg_zcq8Evp_0_t2", "prompt_tok": 164, "new_tok": 32, "ttft_s": 23.943193197250366, "tpot_ms": 958.5092298446162, "request_s": 53.65792775154114, "read_gib": 64.1337890625, "out_ids": [151667, 198, 32313, 11, 279, 1196, 6801, 752, 311, 12793, 264, 58059, 15048, 1380, 264, 1697, 84669, 264, 19212, 1007, 264, 1965, 13, 2379, 9733, 807, 3278, 2548, 264, 4013, 315, 4755]}
REQ {"name": "sg_zcq8Evp_0_t3", "prompt_tok": 223, "new_tok": 32, "ttft_s": 24.7888081073761, "tpot_ms": 868.8439399965348, "request_s": 51.72397756576538, "read_gib": 60.5830078125, "out_ids": [35439, 11, 279, 1196, 4588, 911, 279, 1894, 315, 279, 15478, 279, 1697, 572, 12233, 979, 807, 31985, 279, 19212, 1007, 279, 1965, 13, 6771, 752, 1744, 382, 5338, 11, 304, 279]}
REQ {"name": "sg_5cVpTKS_0_t2", "prompt_tok": 246, "new_tok": 32, "ttft_s": 26.72545552253723, "tpot_ms": 1236.7791129696755, "request_s": 65.0667314529419, "read_gib": 80.208984375, "out_ids": [151667, 198, 32313, 11, 279, 1196, 4588, 752, 311, 35967, 389, 3501, 220, 20, 11, 220, 16, 18, 11, 323, 220, 16, 24, 504, 279, 1140, 315, 20601, 48809, 429, 1373, 82140]}
REQ {"name": "sg_V4wpuJu_0_t2", "prompt_tok": 614, "new_tok": 32, "ttft_s": 33.36058235168457, "tpot_ms": 985.7276639630718, "request_s": 63.91936159133911, "read_gib": 79.8486328125, "out_ids": [151667, 198, 32313, 11, 279, 1196, 374, 10161, 421, 1052, 594, 41822, 304, 13027, 13, 6771, 752, 1744, 13, 358, 6099, 429, 13027, 11554, 1633, 35085, 15473, 11, 773, 41822, 1265, 387]}
REQ {"name": "sg_V4wpuJu_0_t3", "prompt_tok": 1240, "new_tok": 32, "ttft_s": 37.33328199386597, "tpot_ms": 1141.4788538409816, "request_s": 72.72014260292053, "read_gib": 89.5166015625, "out_ids": [151667, 198, 32313, 11, 279, 1196, 374, 10161, 369, 264, 13027, 3110, 315, 1246, 311, 990, 13059, 3077, 451, 23236, 13, 6771, 752, 19091, 1128, 13059, 3077, 451, 23236, 374, 13, 1084]}
REQ {"name": "sg_k7ymHcr_21_t2", "prompt_tok": 1012, "new_tok": 32, "ttft_s": 34.867560625076294, "tpot_ms": 1182.672223737163, "request_s": 71.53145051002502, "read_gib": 90.7822265625, "out_ids": [151667, 198, 32313, 11, 279, 1196, 374, 10161, 369, 27730, 990, 5048, 448, 2038, 10295, 369, 279, 1565, 1742, 63, 323, 1565, 5987, 63, 5413, 11, 11689, 44291, 1565, 75661, 28587, 6771]}
REQ {"name": "sg_k7ymHcr_21_t3", "prompt_tok": 1797, "new_tok": 32, "ttft_s": 35.69919204711914, "tpot_ms": 1179.5841647732643, "request_s": 72.26717329025269, "read_gib": 90.791015625, "out_ids": [151667, 198, 32313, 11, 279, 1196, 374, 10161, 369, 803, 16965, 990, 5048, 315, 279, 1565, 1742, 63, 323, 1565, 5987, 63, 5413, 13, 6771, 752, 1744, 911, 1128, 807, 2578, 1184]}
REQ {"name": "sg_MuZDUct_0_t2", "prompt_tok": 109, "new_tok": 32, "ttft_s": 22.894944190979004, "tpot_ms": 1045.548439025879, "request_s": 55.30798053741455, "read_gib": 65.2412109375, "out_ids": [35439, 11, 279, 1196, 30778, 15355, 5061, 14216, 323, 6801, 2664, 20249, 6708, 13, 6771, 752, 1191, 553, 88646, 1128, 15355, 5061, 14216, 374, 13, 1084, 594, 279, 1947, 315, 76118, 71391]}
REQ {"name": "sg_MuZDUct_0_t3", "prompt_tok": 377, "new_tok": 32, "ttft_s": 26.810330152511597, "tpot_ms": 976.9969755603422, "request_s": 57.09819555282593, "read_gib": 67.4384765625, "out_ids": [576, 1196, 374, 1431, 10161, 369, 6708, 311, 11926, 862, 39445, 43086, 7640, 2562, 13, 2379, 8597, 4588, 911, 22136, 458, 15355, 300, 5330, 2562, 11, 323, 358, 3897, 1045, 4586, 8493]}
REQ {"name": "sg_CcQ9JCK_25_t2", "prompt_tok": 823, "new_tok": 32, "ttft_s": 28.834808826446533, "tpot_ms": 868.5948387269051, "request_s": 55.76219391822815, "read_gib": 66.1025390625, "out_ids": [576, 7149, 323, 4682, 315, 20971, 553, 8284, 2337, 279, 220, 16, 18, 339, 9294, 304, 4505, 11, 7945, 304, 279, 2266, 315, 20971, 504, 9448, 311, 9625, 11, 1035, 614, 1012]}
REQ {"name": "sg_9EM9xb8_25_t2", "prompt_tok": 379, "new_tok": 32, "ttft_s": 28.30679154396057, "tpot_ms": 898.7614416307018, "request_s": 56.169355630874634, "read_gib": 64.9951171875, "out_ids": [35439, 11, 279, 1196, 6801, 752, 311, 2924, 264, 9814, 12126, 315, 1128, 358, 9498, 911, 22467, 438, 264, 6916, 323, 59113, 2562, 30660, 13, 6771, 752, 1191, 553, 88646, 279, 3681]}
REQ {"name": "sg_9EM9xb8_25_t3", "prompt_tok": 1853, "new_tok": 32, "ttft_s": 32.287630558013916, "tpot_ms": 915.4650934280888, "request_s": 60.66775393486023, "read_gib": 71.560546875, "out_ids": [715, 32313, 11, 279, 1196, 3897, 264, 2696, 315, 1995, 911, 22467, 30914, 323, 806, 2274, 47, 16148, 13, 2379, 1366, 752, 311, 2924, 264, 9814, 12126, 315, 1128, 358, 9498, 911]}
REQ {"name": "sg_f9XBWSi_15_t2", "prompt_tok": 442, "new_tok": 32, "ttft_s": 30.13829493522644, "tpot_ms": 1164.3078634815831, "request_s": 66.23285460472107, "read_gib": 80.19140625, "out_ids": [715, 151667, 198, 32313, 11, 279, 1196, 702, 10007, 279, 1887, 6813, 315, 862, 1849, 3118, 389, 279, 3681, 10219, 13, 2379, 9733, 821, 88272, 11, 8692, 11, 28464, 6358, 11, 5662]}
REQ {"name": "sg_f9XBWSi_15_t3", "prompt_tok": 759, "new_tok": 32, "ttft_s": 29.822492361068726, "tpot_ms": 1025.2312229525658, "request_s": 61.60559821128845, "read_gib": 74.21484375, "out_ids": [151667, 198, 32313, 11, 279, 1196, 374, 7218, 4637, 448, 279, 1849, 6813, 323, 702, 2669, 10007, 279, 1887, 6174, 13, 2379, 9733, 807, 1513, 944, 1184, 264, 8651, 821, 5819, 1849]}
REQ {"name": "sg_3O3k7Ni_0_t2", "prompt_tok": 260, "new_tok": 32, "ttft_s": 25.762253522872925, "tpot_ms": 1194.8716948109288, "request_s": 62.804229736328125, "read_gib": 75.796875, "out_ids": [366, 91, 3479, 315, 10807, 2213, 91, 397, 32313, 11, 279, 1196, 6801, 264, 27124, 389, 19819, 4399, 26030, 369, 1550, 2906, 37249, 448, 458, 4226, 1376, 13, 6771, 752, 1191, 553]}
REQ {"name": "sg_3O3k7Ni_0_t3", "prompt_tok": 798, "new_tok": 32, "ttft_s": 30.98808479309082, "tpot_ms": 1078.4983481130294, "request_s": 64.42254972457886, "read_gib": 78.01171875, "out_ids": [2503, 320, 1782, 17847, 594, 2033, 374, 3931, 1007, 692, 32313, 11, 279, 1196, 6801, 264, 2464, 1874, 5702, 369, 458, 12102, 79501, 536, 21080, 389, 279, 9481, 315, 279, 12344, 1714]}
REQ {"name": "sg_zZRzzTy_16_t2", "prompt_tok": 199, "new_tok": 32, "ttft_s": 23.47748875617981, "tpot_ms": 956.3214855809365, "request_s": 53.124489068984985, "read_gib": 60.837890625, "out_ids": [576, 12641, 330, 3036, 9881, 650, 74610, 1262, 8604, 1435, 60356, 830, 1, 504, 41492, 10214, 350, 17835, 930, 594, 330, 785, 20621, 315, 1417, 278, 1716, 1, 374, 458, 3110, 315]}
REQ {"name": "sg_zZRzzTy_16_t3", "prompt_tok": 393, "new_tok": 32, "ttft_s": 26.313894271850586, "tpot_ms": 1006.0732287745323, "request_s": 57.50311231613159, "read_gib": 65.9443359375, "out_ids": [576, 6164, 16914, 30435, 374, 279, 60029, 12344, 16148, 369, 279, 6238, 323, 15379, 315, 279, 15494, 13, 10548, 311, 419, 10126, 11, 279, 15494, 6009, 438, 458, 9016, 4017, 323, 27950]}
REQ {"name": "sg_RtCgJK2_47_t2", "prompt_tok": 415, "new_tok": 32, "ttft_s": 28.30303931236267, "tpot_ms": 1017.4593002565447, "request_s": 59.84543800354004, "read_gib": 69.662109375, "out_ids": [65702, 25, 3555, 525, 1045, 6929, 19721, 429, 2138, 498, 311, 4038, 389, 11358, 82, 1939, 32313, 11, 279, 1196, 374, 10161, 911, 6929, 19721, 429, 1077, 1105, 4038, 389, 11358, 82]}
REQ {"name": "sg_RtCgJK2_47_t3", "prompt_tok": 684, "new_tok": 32, "ttft_s": 30.225139617919922, "tpot_ms": 1071.796109599452, "request_s": 63.451746225357056, "read_gib": 75.1552734375, "out_ids": [320, 19702, 10435, 3840, 340, 32313, 11, 279, 1196, 702, 21411, 705, 862, 50441, 35642, 34584, 1667, 279, 50441, 35642, 21120, 8894, 389, 862, 4540, 323, 1431, 6801, 311, 6815, 279, 12542]}
RESULT policy=apex budget=12.37 requests=24 ttft_s=29.0644 tpot_ms=1025.488 request_s=60.8556 footprint_gib=20.06 peak_gib=22.05 compute=measured
cgroup_io_read_gib=2041.645
cgroup_cpu_s=1581.2 cgroup_user_s=526.0 cgroup_sys_s=1055.3
cgroup_peak_gib=3.26
