scrub: 16 files
`torch_dtype` is deprecated! Use `dtype` instead!
REQ {"name": "lb_gov_report_0", "prompt_tok": 6570, "new_tok": 32, "ttft_s": 33.86516880989075, "tpot_ms": 902.1468085627403, "request_s": 61.83271884918213, "read_gib": 72.158203125, "out_ids": [576, 547, 808, 13, 3897, 95868, 323, 11229, 1824, 311, 279, 17904, 33954, 25217, 304, 32690, 11, 714, 1521, 537, 16579, 304, 2118, 6277, 1917, 13, 1096, 1824, 5230, 264, 10284, 547]}
REQ {"name": "lb_multi_news_1", "prompt_tok": 5205, "new_tok": 32, "ttft_s": 33.038517236709595, "tpot_ms": 859.3601719025643, "request_s": 59.67969512939453, "read_gib": 70.13671875, "out_ids": [4710, 32313, 11, 358, 1184, 311, 7071, 700, 279, 4226, 311, 279, 3405, 3118, 389, 279, 3897, 46769, 13, 1988, 3783, 11, 279, 1196, 12492, 944, 3520, 4588, 264, 3151, 3405, 3602]}
REQ {"name": "lb_passage_count_2", "prompt_tok": 8192, "new_tok": 32, "ttft_s": 35.28847622871399, "tpot_ms": 939.153055990896, "request_s": 64.40308046340942, "read_gib": 77.3701171875, "out_ids": [13615, 504, 7135, 12784, 323, 279, 2487, 315, 24453, 504, 2516, 68, 354, 685, 13, 78266, 9156, 374, 1083, 40757, 1052, 448, 66271, 279, 98416, 315, 44468, 504, 44805, 1103, 68372, 42393]}
REQ {"name": "lb_vcsum_3", "prompt_tok": 5530, "new_tok": 32, "ttft_s": 31.053266286849976, "tpot_ms": 841.5228859070809, "request_s": 57.14145350456238, "read_gib": 67.1748046875, "out_ids": [715, 99526, 28946, 18, 5122, 99999, 45181, 99487, 113817, 99526, 3837, 100624, 99487, 99487, 104759, 104936, 32108, 104915, 3837, 31235, 55286, 18493, 105966, 105644, 102477, 103922, 104435, 101894, 99593, 22382, 9370, 106136]}
REQ {"name": "lb_repobench-p_4", "prompt_tok": 8192, "new_tok": 32, "ttft_s": 39.26514196395874, "tpot_ms": 1144.9392380252962, "request_s": 74.75935673713684, "read_gib": 92.07421875, "out_ids": [59912, 3804, 721, 11, 1922, 982, 286, 435, 12599, 1789, 286, 17693, 510, 310, 1922, 320, 11662, 476, 914, 1648, 8008, 476, 829, 315, 264, 8500, 624, 1789, 286, 5184, 510, 310]}
REQ {"name": "lb_qasper_5", "prompt_tok": 5635, "new_tok": 32, "ttft_s": 37.52560496330261, "tpot_ms": 1169.7445761772892, "request_s": 73.78873682022095, "read_gib": 91.0634765625, "out_ids": [1752, 6364, 29425, 11, 279, 10981, 1714, 700, 712, 9807, 425, 3399, 5251, 7380, 553, 488, 15, 13, 17, 24, 323, 488, 15, 13, 24, 21, 389, 3539, 45, 4086, 17, 15]}
REQ {"name": "lb_hotpotqa_6", "prompt_tok": 8192, "new_tok": 32, "ttft_s": 34.79312705993652, "tpot_ms": 937.6653548209898, "request_s": 63.86174964904785, "read_gib": 75.1640625, "out_ids": [11514, 11, 572, 3118, 389, 279, 312, 4904, 315, 3319, 82976, 624, 44787, 472, 13, 83026, 320, 16, 23, 17, 16, 4142, 16, 23, 23, 20, 8, 1365, 362, 20469, 4462, 315]}
REQ {"name": "lb_musique_7", "prompt_tok": 8192, "new_tok": 32, "ttft_s": 36.44115400314331, "tpot_ms": 834.8042118933893, "request_s": 62.321062326431274, "read_gib": 72.9228515625, "out_ids": [8813, 332, 25610, 448, 4802, 7046, 1091, 220, 16, 15, 15, 2157, 53, 320, 16, 15, 15, 15, 15, 72957, 44770, 11, 600, 1734, 13, 220, 16, 15, 15, 11, 15, 15]}
REQ {"name": "lb_qmsum_8", "prompt_tok": 8192, "new_tok": 32, "ttft_s": 33.53744649887085, "tpot_ms": 716.4532599910614, "request_s": 55.74847197532654, "read_gib": 62.1650390625, "out_ids": [2055, 11, 369, 3110, 11, 304, 1045, 315, 279, 17708, 5671, 11, 582, 3003, 1730, 429, 1052, 525, 537, 3322, 5570, 11, 714, 304, 3800, 11, 1052, 525, 537, 3322, 12786, 13]}
REQ {"name": "lb_multifieldqa_zh_9", "prompt_tok": 1753, "new_tok": 32, "ttft_s": 29.074896812438965, "tpot_ms": 742.1264802255938, "request_s": 52.081873178482056, "read_gib": 60.4072265625, "out_ids": [48754, 120, 99235, 100368, 104263, 101910, 106489, 43316, 1773, 73157, 44991, 47764, 7948, 17714, 103144, 32571, 3837, 103144, 100368, 106341, 3837, 99200, 106587, 101112, 75317, 100787, 21894, 75317, 106872, 106489, 99559, 3837]}
REQ {"name": "lb_multifieldqa_en_10", "prompt_tok": 1327, "new_tok": 32, "ttft_s": 32.79298400878906, "tpot_ms": 985.9679821998842, "request_s": 63.35899209976196, "read_gib": 74.759765625, "out_ids": [576, 17544, 938, 7709, 315, 279, 458, 285, 78332, 1973, 5733, 400, 76, 3, 374, 1632, 7481, 553, 279, 48568, 10126, 369, 678, 279, 2326, 54272, 6819, 4119, 11, 448, 400, 76]}
REQ {"name": "lb_narrativeqa_11", "prompt_tok": 8192, "new_tok": 32, "ttft_s": 34.259310245513916, "tpot_ms": 687.5157279352989, "request_s": 55.573203802108765, "read_gib": 60.6533203125, "out_ids": [2794, 7811, 8738, 25, 320, 1249, 2841, 8, 1446, 678, 2664, 633, 389, 364, 3117, 504, 1588, 13, 358, 2776, 198, 70, 1961, 6, 311, 633, 847, 6038, 323, 6102, 498, 678]}
REQ {"name": "lb_passage_retrieval_en_12", "prompt_tok": 8192, "new_tok": 32, "ttft_s": 36.20722770690918, "tpot_ms": 887.3732166905556, "request_s": 63.716691970825195, "read_gib": 71.19140625, "out_ids": [8964, 261, 3757, 10812, 572, 9223, 304, 220, 16, 24, 20, 15, 304, 42897, 13, 1260, 6342, 369, 3807, 18890, 11, 2670, 54664, 11, 1380, 566, 572, 264, 1376, 2781, 304, 279]}
REQ {"name": "lb_lsht_13", "prompt_tok": 8192, "new_tok": 32, "ttft_s": 38.84797763824463, "tpot_ms": 687.9731147520004, "request_s": 60.1759614944458, "read_gib": 65.8037109375, "out_ids": [198, 111029, 36987, 56568, 99242, 111017, 58695, 81264, 99657, 116825, 29490, 102104, 36987, 99242, 75758, 198, 22441, 22441, 2073, 43288, 101206, 97639, 103945, 9370, 32945, 102426, 110234, 36587, 8997, 22441, 22441, 18493]}
REQ {"name": "lb_trec_14", "prompt_tok": 6153, "new_tok": 32, "ttft_s": 36.65042471885681, "tpot_ms": 1041.4127457526424, "request_s": 68.93499946594238, "read_gib": 81.4658203125, "out_ids": [35767, 271, 32313, 11, 773, 279, 3405, 374, 10161, 892, 8781, 3553, 374, 80196, 304, 92683, 7919, 11, 31690, 13, 6771, 752, 1744, 13, 358, 1414, 429, 92683, 7919, 374, 264, 3283]}
REQ {"name": "lb_passage_retrieval_zh_15", "prompt_tok": 4449, "new_tok": 32, "ttft_s": 35.39024758338928, "tpot_ms": 961.4219742436562, "request_s": 65.19523692131042, "read_gib": 78.29296875, "out_ids": [4710, 99692, 3837, 107520, 85106, 54542, 20002, 101888, 102123, 99273, 99477, 35727, 99737, 50984, 101074, 103921, 17, 15, 17, 16, 103986, 111772, 33108, 101205, 104675, 103936, 1773, 101140, 3837, 104515, 104857, 101113]}
REQ {"name": "lb_dureader_16", "prompt_tok": 8030, "new_tok": 32, "ttft_s": 38.39206337928772, "tpot_ms": 916.6341904670961, "request_s": 66.80875658988953, "read_gib": 79.294921875, "out_ids": [4710, 99692, 3837, 35946, 85106, 102104, 20002, 103936, 36987, 100339, 110420, 111484, 100003, 104212, 99459, 106542, 55807, 101140, 3837, 104515, 104857, 100111, 103008, 82025, 43815, 3837, 101997, 104710, 78556, 105427, 3407, 101140]}
REQ {"name": "lb_triviaqa_17", "prompt_tok": 4750, "new_tok": 32, "ttft_s": 34.887970209121704, "tpot_ms": 1125.3248876140965, "request_s": 69.77400231361389, "read_gib": 85.4033203125, "out_ids": [468, 60392, 1103, 24580, 198, 16141, 25, 468, 60392, 1103, 24580, 271, 32313, 11, 1077, 594, 1490, 13, 576, 3405, 374, 10161, 1380, 41705, 34726, 728, 1283, 4545, 304, 17860, 58392, 11]}
REQ {"name": "lb_lcc_18", "prompt_tok": 1943, "new_tok": 32, "ttft_s": 34.23480534553528, "tpot_ms": 1020.6984473812965, "request_s": 65.8774003982544, "read_gib": 79.3388671875, "out_ids": [4710, 32313, 11, 358, 1184, 311, 7071, 700, 1128, 279, 330, 93347, 1, 1714, 1558, 304, 279, 2661, 2038, 13, 6771, 752, 1401, 518, 279, 2038, 43065, 3897, 382, 785, 1714, 374]}
REQ {"name": "lb_samsum_19", "prompt_tok": 8192, "new_tok": 32, "ttft_s": 36.472198724746704, "tpot_ms": 751.833600382651, "request_s": 59.77989602088928, "read_gib": 68.5107421875, "out_ids": [62502, 25, 358, 1513, 944, 1414, 11, 358, 2776, 537, 2704, 421, 358, 646, 728, 311, 279, 23971, 1283, 279, 5426, 319, 3430, 64, 25, 8670, 11, 358, 1490, 13, 10696, 582]}
REQ {"name": "lb_2wikimqa_20", "prompt_tok": 8192, "new_tok": 32, "ttft_s": 33.36694574356079, "tpot_ms": 852.0173641943163, "request_s": 59.78029727935791, "read_gib": 67.869140625, "out_ids": [264, 9144, 369, 279, 3234, 422, 13416, 304, 279, 22415, 33841, 9290, 13, 758, 220, 17, 15, 16, 17, 11, 566, 572, 264, 9144, 369, 279, 3234, 422, 13416, 304, 279, 22415]}
RESULT policy=apex budget=12.37 requests=21 ttft_s=35.0183 tpot_ms=905.052 request_s=63.0759 footprint_gib=20.96 peak_gib=23.67 compute=measured
cgroup_io_read_gib=1774.008
cgroup_cpu_s=1322.9 cgroup_user_s=439.9 cgroup_sys_s=883.1
cgroup_peak_gib=3.27
