scrub: 16 files
`torch_dtype` is deprecated! Use `dtype` instead!
REQ {"name": "lb_gov_report_0", "prompt_tok": 6570, "new_tok": 32, "ttft_s": 33.549134731292725, "tpot_ms": 145.83940659799882, "request_s": 38.07076382637024, "read_gib": 42.908203125, "out_ids": [576, 547, 808, 13, 3897, 95868, 323, 11229, 1824, 311, 279, 17904, 33954, 25217, 304, 32690, 11, 714, 1521, 537, 16579, 304, 2118, 6277, 1917, 13, 1096, 1824, 5230, 264, 10284, 547]}
REQ {"name": "lb_multi_news_1", "prompt_tok": 5205, "new_tok": 32, "ttft_s": 5.797136545181274, "tpot_ms": 146.34053937850462, "request_s": 10.334131240844727, "read_gib": 4.3330078125, "out_ids": [4710, 32313, 11, 358, 1184, 311, 7071, 700, 279, 4226, 311, 279, 3405, 3118, 389, 279, 3897, 46769, 13, 1988, 3783, 11, 279, 1196, 12492, 944, 3520, 4588, 264, 3151, 3405, 3602]}
REQ {"name": "lb_passage_count_2", "prompt_tok": 8192, "new_tok": 32, "ttft_s": 5.257618188858032, "tpot_ms": 140.80901299753495, "request_s": 9.623270273208618, "read_gib": 1.423828125, "out_ids": [13615, 504, 7135, 12784, 323, 279, 2487, 315, 24453, 504, 2516, 68, 354, 685, 13, 78266, 9156, 374, 1083, 40757, 1052, 448, 66271, 279, 98416, 315, 44468, 504, 44805, 1103, 68372, 42393]}
REQ {"name": "lb_vcsum_3", "prompt_tok": 5530, "new_tok": 32, "ttft_s": 3.8389647006988525, "tpot_ms": 141.26749192514725, "request_s": 8.218700885772705, "read_gib": 1.0458984375, "out_ids": [715, 99526, 28946, 18, 5122, 99999, 45181, 99487, 113817, 99526, 3837, 100624, 99487, 99487, 104759, 104936, 32108, 104915, 3837, 31235, 55286, 18493, 105966, 105644, 102477, 103922, 104435, 101894, 99593, 22382, 9370, 106136]}
REQ {"name": "lb_repobench-p_4", "prompt_tok": 8192, "new_tok": 32, "ttft_s": 7.90848970413208, "tpot_ms": 139.40105130595546, "request_s": 12.230372190475464, "read_gib": 4.3857421875, "out_ids": [59912, 3804, 721, 11, 1922, 982, 286, 435, 12599, 1789, 286, 17693, 510, 310, 1922, 320, 11662, 476, 914, 1648, 8008, 476, 829, 315, 264, 8500, 624, 1789, 286, 5184, 510, 310]}
REQ {"name": "lb_qasper_5", "prompt_tok": 5635, "new_tok": 32, "ttft_s": 3.372999906539917, "tpot_ms": 144.8625672248102, "request_s": 7.864172458648682, "read_gib": 0.228515625, "out_ids": [1752, 6364, 29425, 11, 279, 10981, 1714, 700, 712, 9807, 425, 3399, 5251, 7380, 553, 488, 15, 13, 17, 24, 323, 488, 15, 13, 24, 21, 389, 3539, 45, 4086, 17, 15]}
REQ {"name": "lb_hotpotqa_6", "prompt_tok": 8192, "new_tok": 32, "ttft_s": 3.7919294834136963, "tpot_ms": 143.9603067213489, "request_s": 8.255143642425537, "read_gib": 0.0, "out_ids": [11514, 11, 572, 3118, 389, 279, 312, 4904, 315, 3319, 82976, 624, 44787, 472, 13, 83026, 320, 16, 23, 17, 16, 4142, 16, 23, 23, 20, 8, 1365, 362, 20469, 4462, 315]}
REQ {"name": "lb_musique_7", "prompt_tok": 8192, "new_tok": 32, "ttft_s": 3.7349469661712646, "tpot_ms": 142.91201868364888, "request_s": 8.165788412094116, "read_gib": 0.0, "out_ids": [8813, 332, 25610, 448, 4802, 7046, 1091, 220, 16, 15, 15, 2157, 53, 320, 16, 15, 15, 15, 15, 72957, 44770, 11, 600, 1734, 13, 220, 16, 15, 15, 11, 15, 15]}
REQ {"name": "lb_qmsum_8", "prompt_tok": 8192, "new_tok": 32, "ttft_s": 3.641167402267456, "tpot_ms": 147.82594096276065, "request_s": 8.224219560623169, "read_gib": 0.0, "out_ids": [2055, 11, 369, 3110, 11, 304, 1045, 315, 279, 17708, 5671, 11, 582, 3003, 1730, 429, 1052, 525, 537, 3322, 5570, 11, 714, 304, 3800, 11, 1052, 525, 537, 3322, 12786, 13]}
REQ {"name": "lb_multifieldqa_zh_9", "prompt_tok": 1753, "new_tok": 32, "ttft_s": 1.091641902923584, "tpot_ms": 137.57444966223935, "request_s": 5.356877326965332, "read_gib": 0.0, "out_ids": [48754, 120, 99235, 100368, 104263, 101910, 106489, 43316, 1773, 73157, 44991, 47764, 7948, 17714, 103144, 32571, 3837, 103144, 100368, 106341, 3837, 99200, 106587, 101112, 75317, 100787, 21894, 75317, 106872, 106489, 99559, 3837]}
REQ {"name": "lb_multifieldqa_en_10", "prompt_tok": 1327, "new_tok": 32, "ttft_s": 0.96527099609375, "tpot_ms": 137.3701249399493, "request_s": 5.224193096160889, "read_gib": 0.0, "out_ids": [576, 17544, 938, 7709, 315, 279, 458, 285, 78332, 1973, 5733, 400, 76, 3, 374, 1632, 7481, 553, 279, 48568, 10126, 369, 678, 279, 2326, 54272, 6819, 4119, 11, 448, 400, 76]}
REQ {"name": "lb_narrativeqa_11", "prompt_tok": 8192, "new_tok": 32, "ttft_s": 3.6734631061553955, "tpot_ms": 141.0744728580598, "request_s": 8.047221422195435, "read_gib": 0.0, "out_ids": [2794, 7811, 8738, 25, 320, 1249, 2841, 8, 1446, 678, 2664, 633, 389, 364, 3117, 504, 1588, 13, 358, 2776, 198, 70, 1961, 6, 311, 633, 847, 6038, 323, 6102, 498, 678]}
REQ {"name": "lb_passage_retrieval_en_12", "prompt_tok": 8192, "new_tok": 32, "ttft_s": 3.6514217853546143, "tpot_ms": 138.7608128209268, "request_s": 7.9534687995910645, "read_gib": 0.0, "out_ids": [8964, 261, 3757, 10812, 572, 9223, 304, 220, 16, 24, 20, 15, 304, 42897, 13, 1260, 6342, 369, 3807, 18890, 11, 2670, 54664, 11, 1380, 566, 572, 264, 1376, 2781, 304, 279]}
REQ {"name": "lb_lsht_13", "prompt_tok": 8192, "new_tok": 32, "ttft_s": 3.769815444946289, "tpot_ms": 139.20227173836, "request_s": 8.085646629333496, "read_gib": 0.0087890625, "out_ids": [198, 111029, 36987, 56568, 99242, 111017, 58695, 81264, 99657, 116825, 29490, 102104, 36987, 99242, 75758, 198, 22441, 22441, 2073, 43288, 101206, 97639, 103945, 9370, 32945, 102426, 110234, 36587, 8997, 22441, 22441, 18493]}
REQ {"name": "lb_trec_14", "prompt_tok": 6153, "new_tok": 32, "ttft_s": 3.0506303310394287, "tpot_ms": 141.41970296059887, "request_s": 7.435200214385986, "read_gib": 0.017578125, "out_ids": [35767, 271, 32313, 11, 773, 279, 3405, 374, 10161, 892, 8781, 3553, 374, 80196, 304, 92683, 7919, 11, 31690, 13, 6771, 752, 1744, 13, 358, 1414, 429, 92683, 7919, 374, 264, 3283]}
REQ {"name": "lb_passage_retrieval_zh_15", "prompt_tok": 4449, "new_tok": 32, "ttft_s": 2.4810056686401367, "tpot_ms": 140.09668750147665, "request_s": 6.8245110511779785, "read_gib": 0.0, "out_ids": [4710, 99692, 3837, 107520, 85106, 54542, 20002, 101888, 102123, 99273, 99477, 35727, 99737, 50984, 101074, 103921, 17, 15, 17, 16, 103986, 111772, 33108, 101205, 104675, 103936, 1773, 101140, 3837, 104515, 104857, 101113]}
REQ {"name": "lb_dureader_16", "prompt_tok": 8030, "new_tok": 32, "ttft_s": 3.7470412254333496, "tpot_ms": 139.23032822147493, "request_s": 8.063638687133789, "read_gib": 0.0087890625, "out_ids": [4710, 99692, 3837, 35946, 85106, 102104, 20002, 103936, 36987, 100339, 110420, 111484, 100003, 104212, 99459, 106542, 55807, 101140, 3837, 104515, 104857, 100111, 103008, 82025, 43815, 3837, 101997, 104710, 78556, 105427, 3407, 101140]}
REQ {"name": "lb_triviaqa_17", "prompt_tok": 4750, "new_tok": 32, "ttft_s": 2.552262306213379, "tpot_ms": 138.60453328778667, "request_s": 6.8495237827301025, "read_gib": 0.0, "out_ids": [468, 60392, 1103, 24580, 198, 16141, 25, 468, 60392, 1103, 24580, 271, 32313, 11, 1077, 594, 1490, 13, 576, 3405, 374, 10161, 1380, 41705, 34726, 728, 1283, 4545, 304, 17860, 58392, 11]}
REQ {"name": "lb_lcc_18", "prompt_tok": 1943, "new_tok": 32, "ttft_s": 1.2132320404052734, "tpot_ms": 135.12611389160156, "request_s": 5.402566194534302, "read_gib": 0.0, "out_ids": [4710, 32313, 11, 358, 1184, 311, 7071, 700, 1128, 279, 330, 93347, 1, 1714, 1558, 304, 279, 2661, 2038, 13, 6771, 752, 1401, 518, 279, 2038, 43065, 3897, 382, 785, 1714, 374]}
REQ {"name": "lb_samsum_19", "prompt_tok": 8192, "new_tok": 32, "ttft_s": 3.750001907348633, "tpot_ms": 143.67375066203456, "request_s": 8.204338788986206, "read_gib": 0.0, "out_ids": [62502, 25, 358, 1513, 944, 1414, 11, 358, 2776, 537, 2704, 421, 358, 646, 728, 311, 279, 23971, 1283, 279, 5426, 319, 3430, 64, 25, 8670, 11, 358, 1490, 13, 10696, 582]}
REQ {"name": "lb_2wikimqa_20", "prompt_tok": 8192, "new_tok": 32, "ttft_s": 3.788252353668213, "tpot_ms": 153.10675867142214, "request_s": 8.535085916519165, "read_gib": 0.0, "out_ids": [264, 9144, 369, 279, 3234, 422, 13416, 304, 279, 22415, 33841, 9290, 13, 758, 220, 17, 15, 16, 17, 11, 566, 572, 264, 9144, 369, 279, 3234, 422, 13416, 304, 279, 22415]}
RESULT policy=apex budget=102.63 requests=21 ttft_s=4.9822 tpot_ms=141.831 request_s=9.3795 footprint_gib=65.67 peak_gib=66.03 compute=measured
cgroup_io_read_gib=62.663
cgroup_cpu_s=162.1 cgroup_user_s=131.5 cgroup_sys_s=30.6
cgroup_peak_gib=2.81
