scrub: 18 files
`torch_dtype` is deprecated! Use `dtype` instead!
REQ {"name": "lb_gov_report_0", "prompt_tok": 6570, "new_tok": 32, "ttft_s": 14.398875713348389, "tpot_ms": 403.27366705863705, "request_s": 26.900906085968018, "hits": 9751.0, "misses": 6998.0, "read_gib": 61.505859375, "out_ids": [576, 547, 808, 13, 3897, 95868, 323, 11229, 1824, 311, 279, 17904, 33954, 25217, 304, 32690, 11, 714, 1521, 537, 16579, 304, 2118, 6277, 1917, 13, 1096, 1824, 5230, 264, 10284, 547]}
REQ {"name": "lb_multi_news_1", "prompt_tok": 5205, "new_tok": 32, "ttft_s": 9.474138975143433, "tpot_ms": 419.7280791498, "request_s": 22.48643469810486, "hits": 11175.0, "misses": 5823.0, "read_gib": 51.1787109375, "out_ids": [4710, 32313, 11, 358, 1184, 311, 7071, 700, 279, 4226, 311, 279, 3405, 3118, 389, 279, 3897, 46769, 13, 1988, 3783, 11, 279, 1196, 12492, 944, 3520, 4588, 264, 3151, 3405, 3602]}
REQ {"name": "lb_passage_count_2", "prompt_tok": 8192, "new_tok": 32, "ttft_s": 11.540270566940308, "tpot_ms": 512.2606215938446, "request_s": 27.420966625213623, "hits": 10569.0, "misses": 6544.0, "read_gib": 57.515625, "out_ids": [13615, 504, 7135, 12784, 323, 279, 2487, 315, 24453, 504, 2516, 68, 354, 685, 13, 78266, 9156, 374, 1083, 40757, 1052, 448, 66271, 279, 98416, 315, 44468, 504, 44805, 1103, 68372, 42393]}
REQ {"name": "lb_vcsum_3", "prompt_tok": 5530, "new_tok": 32, "ttft_s": 9.409857273101807, "tpot_ms": 367.93029692865184, "request_s": 20.816287994384766, "hits": 11280.0, "misses": 5300.0, "read_gib": 46.58203125, "out_ids": [715, 99526, 28946, 18, 5122, 99999, 45181, 99487, 113817, 99526, 3837, 100624, 99487, 99487, 104759, 104936, 32108, 104915, 3837, 31235, 55286, 18493, 105966, 105644, 102477, 103922, 104435, 101894, 99593, 22382, 9370, 106136]}
REQ {"name": "lb_repobench-p_4", "prompt_tok": 8192, "new_tok": 32, "ttft_s": 13.049098014831543, "tpot_ms": 610.6438944416661, "request_s": 31.979769229888916, "hits": 9633.0, "misses": 8016.0, "read_gib": 70.453125, "out_ids": [59912, 3804, 721, 11, 1922, 982, 286, 435, 12599, 1789, 286, 17693, 510, 310, 1922, 320, 11662, 476, 914, 1648, 8008, 476, 829, 315, 264, 8500, 624, 1789, 286, 5184, 510, 310]}
REQ {"name": "lb_qasper_5", "prompt_tok": 5635, "new_tok": 32, "ttft_s": 10.920226812362671, "tpot_ms": 556.5741985074935, "request_s": 28.174676418304443, "hits": 10110.0, "misses": 7400.0, "read_gib": 65.0390625, "out_ids": [1752, 6364, 29425, 11, 279, 10981, 1714, 700, 712, 9807, 425, 3399, 5251, 7380, 553, 488, 15, 13, 17, 24, 323, 488, 15, 13, 24, 21, 389, 3539, 45, 4086, 17, 15]}
REQ {"name": "lb_hotpotqa_6", "prompt_tok": 8192, "new_tok": 32, "ttft_s": 11.633362531661987, "tpot_ms": 417.1399301098239, "request_s": 24.56536102294922, "hits": 11116.0, "misses": 5906.0, "read_gib": 51.908203125, "out_ids": [11514, 11, 374, 3118, 389, 279, 312, 4904, 315, 3319, 82976, 624, 44787, 472, 13, 83026, 320, 16, 23, 17, 16, 4142, 16, 23, 23, 20, 8, 1365, 362, 51197, 290, 261]}
REQ {"name": "lb_musique_7", "prompt_tok": 8192, "new_tok": 32, "ttft_s": 11.617448091506958, "tpot_ms": 406.81822838321807, "request_s": 24.22940993309021, "hits": 11271.0, "misses": 5920.0, "read_gib": 52.03125, "out_ids": [8813, 332, 25610, 448, 4802, 7046, 1091, 220, 16, 15, 15, 2157, 53, 320, 16, 15, 15, 15, 15, 72957, 44770, 11, 600, 1734, 13, 220, 16, 15, 15, 11, 15, 15]}
REQ {"name": "lb_qmsum_8", "prompt_tok": 8192, "new_tok": 32, "ttft_s": 11.189052820205688, "tpot_ms": 398.23731299369564, "request_s": 23.535375356674194, "hits": 11188.0, "misses": 5463.0, "read_gib": 48.0146484375, "out_ids": [1205, 614, 264, 2664, 8660, 315, 279, 8654, 4714, 13, 1205, 614, 264, 2664, 8660, 315, 279, 30927, 4714, 13, 1205, 614, 264, 2664, 8660, 315, 279, 15130, 26244, 13, 2055, 11]}
REQ {"name": "lb_multifieldqa_zh_9", "prompt_tok": 1753, "new_tok": 32, "ttft_s": 7.650139570236206, "tpot_ms": 404.6607632790842, "request_s": 20.19515562057495, "hits": 11075.0, "misses": 5262.0, "read_gib": 46.248046875, "out_ids": [4710, 99692, 3837, 107520, 85106, 102104, 20002, 103936, 36987, 100007, 104263, 106872, 100368, 81264, 100345, 103008, 26898, 43815, 3837, 35946, 85106, 104857, 100111, 2073, 100368, 104263, 854, 99659, 3837, 101889, 104387, 20221]}
REQ {"name": "lb_multifieldqa_en_10", "prompt_tok": 1327, "new_tok": 32, "ttft_s": 8.41089153289795, "tpot_ms": 506.66226879242924, "request_s": 24.118064165115356, "hits": 10251.0, "misses": 6430.0, "read_gib": 56.513671875, "out_ids": [576, 17544, 938, 7709, 315, 279, 458, 285, 78332, 1973, 5733, 400, 76, 3, 374, 1632, 7481, 553, 279, 48568, 10126, 369, 678, 279, 2326, 54272, 6819, 4119, 320, 915, 47130, 11]}
REQ {"name": "lb_narrativeqa_11", "prompt_tok": 8192, "new_tok": 32, "ttft_s": 11.473861455917358, "tpot_ms": 314.21604464131013, "request_s": 21.214972019195557, "hits": 11826.0, "misses": 4863.0, "read_gib": 42.7412109375, "out_ids": [2794, 7811, 8738, 25, 320, 1249, 2841, 8, 1446, 678, 2664, 633, 389, 364, 3117, 504, 1588, 13, 358, 2776, 198, 70, 1961, 6, 311, 633, 847, 6038, 323, 6102, 498, 678]}
REQ {"name": "lb_passage_retrieval_en_12", "prompt_tok": 8192, "new_tok": 32, "ttft_s": 11.388215065002441, "tpot_ms": 374.01750779921014, "request_s": 22.983383417129517, "hits": 11530.0, "misses": 5589.0, "read_gib": 49.1220703125, "out_ids": [8964, 261, 3757, 10812, 572, 9223, 304, 220, 16, 24, 19, 22, 304, 42897, 13, 1260, 6342, 369, 3807, 18890, 11, 2670, 54664, 11, 1380, 566, 572, 264, 1376, 2781, 304, 279]}
REQ {"name": "lb_lsht_13", "prompt_tok": 8192, "new_tok": 32, "ttft_s": 12.184450626373291, "tpot_ms": 313.6023398368589, "request_s": 21.906765937805176, "hits": 11781.0, "misses": 5457.0, "read_gib": 47.9619140625, "out_ids": [198, 111029, 36987, 56568, 99242, 111017, 58695, 81264, 99657, 116825, 29490, 102104, 36987, 99242, 75758, 198, 22441, 22441, 2073, 43288, 101206, 97639, 103945, 9370, 32945, 102426, 110234, 36587, 8997, 107975, 5122, 99460]}
REQ {"name": "lb_trec_14", "prompt_tok": 6153, "new_tok": 32, "ttft_s": 10.844253063201904, "tpot_ms": 495.6949372445383, "request_s": 26.211458921432495, "hits": 10439.0, "misses": 6838.0, "read_gib": 60.099609375, "out_ids": [35767, 271, 32313, 11, 773, 279, 3405, 374, 10161, 892, 8781, 3553, 374, 80196, 304, 92683, 7919, 11, 31690, 13, 6771, 752, 1744, 13, 358, 1414, 429, 92683, 7919, 374, 264, 3283]}
REQ {"name": "lb_passage_retrieval_zh_15", "prompt_tok": 4449, "new_tok": 32, "ttft_s": 9.624205350875854, "tpot_ms": 426.31498459846745, "request_s": 22.8405179977417, "hits": 11095.0, "misses": 6149.0, "read_gib": 54.0439453125, "out_ids": [4710, 99692, 3837, 107520, 85106, 54542, 20002, 101888, 102123, 99273, 99477, 35727, 99737, 50984, 101074, 103921, 17, 15, 17, 16, 103986, 111772, 33108, 101205, 104675, 103936, 1773, 101140, 3837, 104515, 104857, 101113]}
REQ {"name": "lb_dureader_16", "prompt_tok": 8030, "new_tok": 32, "ttft_s": 12.106447458267212, "tpot_ms": 383.7715271980532, "request_s": 24.003957509994507, "hits": 11461.0, "misses": 6153.0, "read_gib": 54.0791015625, "out_ids": [4710, 99692, 3837, 35946, 85106, 102104, 20002, 103936, 36987, 100339, 110420, 111484, 100003, 104212, 99459, 106542, 55807, 101140, 3837, 104515, 104857, 100111, 103008, 82025, 43815, 3837, 101997, 104710, 78556, 105427, 3407, 101140]}
REQ {"name": "lb_triviaqa_17", "prompt_tok": 4750, "new_tok": 32, "ttft_s": 9.793528318405151, "tpot_ms": 516.3579679304554, "request_s": 25.801199197769165, "hits": 10340.0, "misses": 6741.0, "read_gib": 59.2470703125, "out_ids": [468, 60392, 1103, 24580, 198, 16141, 25, 468, 60392, 1103, 24580, 271, 32313, 11, 1077, 594, 1490, 13, 576, 3405, 374, 10161, 1380, 41705, 34726, 728, 1283, 4545, 304, 17860, 58392, 11]}
REQ {"name": "lb_lcc_18", "prompt_tok": 1943, "new_tok": 32, "ttft_s": 9.25159478187561, "tpot_ms": 421.97136725148846, "request_s": 22.333259344100952, "hits": 10840.0, "misses": 6184.0, "read_gib": 54.3515625, "out_ids": [715, 197, 197, 532, 197, 532, 92, 4710, 32313, 11, 358, 1184, 311, 7071, 700, 1128, 279, 1196, 374, 10161, 1588, 13, 6771, 752, 1401, 518, 279, 2038, 807, 3897, 13, 1084]}
REQ {"name": "lb_samsum_19", "prompt_tok": 8192, "new_tok": 32, "ttft_s": 11.701443672180176, "tpot_ms": 388.8811296032321, "request_s": 23.75731587409973, "hits": 11412.0, "misses": 5750.0, "read_gib": 50.537109375, "out_ids": [62502, 25, 21607, 11, 429, 594, 279, 3119, 319, 3430, 64, 25, 23931, 11, 358, 3278, 387, 1052, 518, 220, 16, 15, 319, 62502, 25, 8513, 11, 1490, 498, 1221, 319, 3430]}
REQ {"name": "lb_2wikimqa_20", "prompt_tok": 8192, "new_tok": 32, "ttft_s": 11.103869199752808, "tpot_ms": 407.1159593520626, "request_s": 23.724998474121094, "hits": 11247.0, "misses": 5583.0, "read_gib": 49.0693359375, "out_ids": [264, 9144, 369, 279, 3234, 422, 13416, 304, 279, 22415, 33841, 9290, 13, 758, 220, 17, 15, 16, 17, 11, 566, 572, 264, 9144, 369, 279, 3234, 422, 13416, 304, 279, 22415]}
RESULT policy=phasor-hf-phasor budget=14.25 requests=21 batch=1 ttft_s=10.8936 tpot_ms=430.756 request_s=24.2476 footprint_gib=19.94 peak_gib=19.94 compute=measured
cgroup_io_read_gib=1131.317
cgroup_cpu_s=283.6 cgroup_user_s=166.0 cgroup_sys_s=117.7
cgroup_peak_gib=16.90
